<?xml version="1.0"?>
<opencv_storage>
<intrinsics type_id="opencv-matrix">
  <rows>3</rows>
  <cols>3</cols>
  <dt>d</dt>
  <data>
    4.8937705525219911e+02 0. 3.2349052172883785e+02 0.
    4.8956155176569632e+02 2.1319262166887006e+02 0. 0. 1.</data></intrinsics>
<distCoeffs type_id="opencv-matrix">
  <rows>1</rows>
  <cols>5</cols>
  <dt>d</dt>
  <data>
    -3.6254606023328656e-01 2.0195646075497467e-01
    6.8285022527478801e-04 6.7409948796622260e-05
    -6.7944015273980279e-02</data></distCoeffs>
</opencv_storage>
