<?xml version="1.0"?>
<opencv_storage>
<intrinsics type_id="opencv-matrix">
  <rows>3</rows>
  <cols>3</cols>
  <dt>d</dt>
  <data>
    1.1446489261369218e+03 0. 9.8904229535416607e+02 0.
    1.1452033054788860e+03 7.5547531458574417e+02 0. 0. 1.</data></intrinsics>
<distCoeffs type_id="opencv-matrix">
  <rows>1</rows>
  <cols>5</cols>
  <dt>d</dt>
  <data>
    -3.1095067022606104e-01 1.5512159682150103e-01
    2.8362364785395738e-05 -4.0722129540613915e-04
    -5.0836375118168069e-02</data></distCoeffs>
</opencv_storage>
